[..........] (0,2,4,8) (0,1,2,3,4,6,7,8,9) (3,8) (1,5,9) (0,1,2,3,4,5,6,7,8,9) (5,7) (1,2,6,7) (0,1,2,3,5,6,7,8,9) (0,3,4,6,7,8) (0,2,4,6) (1,3,6,7) (0,2,3,4,7,8) (0,3,4,5,6,8,9) {83,62,81,69,76,44,84,83,73,42}
[..........] (1,5) (0,1,2,3,4,6,7,8,9) (4,7) (0,5,7) (6,7) (0,1,2,4,6,7,8,9) (0,1,2,3,4,5,6,7,9) (0,2,3,4,5,7,8,9) (1,2,3,4,9) (1,2,4,5,7,8) (7) (0,1,2,3,4,5,7,8,9) (0,5,7,8) {131,122,125,88,142,119,77,195,101,114}
[..........] (0,1,2,3,4,7,8,9) (1,4,5,6,7,8,9) (0,1,4) (0,2,4,5) (0,1,6) (0,1,2,3,4,5,6,7,8) (1,5,9) (0,2,5,9) (0,1,2,3,4,5,8,9) (0,4,6,7) (6,9) (1,3,4,5,7,8,9) (0,1,2,3,4,5,6,7,8,9) {74,69,46,35,66,59,47,40,40,57}
[..........] (1,2,3,4,5,6,7,8) (0,3,5,7,8,9) (0,2,3,5) (2,3,4,5,7,8) (0,1,2,3,6,8,9) (0,1,3,4,5,6,8,9) (1,3,8,9) (4,7) (0,2,4,5,6,8) (0,1,2,3,4,5,6,8,9) (1,3,4,6,7,8,9) (0,2,3,4,6,7,8) (2,3,7) {68,71,73,114,70,67,69,60,97,70}
[..........] (0,2,3,6,9) (7) (0,1,3,4,5,7,8,9) (0,2,3,5,6,7,8,9) (1,2,3,5,7,8) (1,2,6,7,9) (1,5,8) (1,9) (2,3,4,6,8) (0,1,2,3,5,6,7,8,9) (1,2,3,5,6,9) (0,2,4,5,6,7,8,9) (4,8,9) {90,134,147,121,57,125,131,136,133,162}
[..........] (0,1,2,4,5,6,8,9) (0,1,2,4,5,6,7,8,9) (0,1,3,4,5,7,8,9) (0,1,3,4,5,7,8) (1,2,3,4,5,6,7,8) (1,2,3,5,6,7,8,9) (0,1,2,3,4,5,6,7,8,9) (0,2,3,4,5,7,8,9) (0,1,2,3,4,5,6,7,9) (2,3,5,6,7,8,9) (0,1,2,5,6,7,8,9) (0,1,2,3,4,5,7,8,9) (3,4,7,9) {40,46,43,49,44,56,33,57,53,53}
[..........] (4,6) (1,3,4,6) (0,1,2,3,4,6,7,8,9) (0,2) (2,5,6,8,9) (0,1,4) (0,2,3,4,5,6,7,8,9) (2,3,4,8) (0,2,5,9) (0,5,7,9) (2,4,5,6,7,8,9) (0,1,2,4,6,8,9) (1,3,7) {39,32,42,26,46,24,36,19,32,36}
[..........] (0,1,3,4,6,7,8,9) (0,1,2,3,4,5,6,7) (6) (0,6,7,8,9) (0,1,4) (0,1,2,3,5,7,9) (1,2,5,8) (0,1,2,3,4,5,6,7,8) (1,2,3,4,6,7,8,9) (0,4,5,7) (0,1,4,5,6,9) (1,2,4) (0,1,2,3,5,6,7,8,9) {113,118,82,75,99,83,98,102,67,76}
[..........] (7,9) (1) (0,1,3,4,6,7,8) (0,1,3,5,7,8,9) (2) (0,1,2,4,5,6,7,8,9) (0,1,2,3,4,5,6,7,8,9) (0,4) (0,1,2,3,5,6,7,8,9) (5,7,8) (2,3,4,5,6,7,8) (3,5,8) (1,6) {106,125,84,123,94,128,110,148,149,87}
[..........] (0,2,4,9) (0,1,2,3,4,5,6,7,8,9) (0,1,2,7,8,9) (2,4,6,7) (0,1,2,4,6,7,8) (1,3,4,5,7,8,9) (2) (0,2,3,4,6,7,8,9) (6,9) (1,3,7,8,9) (0,4,5,6,8) (7) (1,2,3,4,5,6,8) {109,134,161,95,150,79,135,153,159,124}
[..........] (0,2,3,4,7) (3,4,6,7,9) (4) (2,3,7) (1,3,6,9) (6) (0,1,2,4,5,6) (0,1,2,3,4,6,7,8,9) (0,4,7) (0,1,2,4,5,6,7,8,9) (0,1,2,3,4,5,6,7,9) (1,2,3,4,5,6,7,8,9) (0,1,2,3,5,6,7) {72,78,85,80,89,58,107,91,35,68}
[..........] (5,9) (0,2,3,7,8,9) (2,3,5) (0,3,6,7) (0,1,2,3,4,6,7,8,9) (0,2,4,5,6,7,8) (0,1,2,3,5,6,7,8,9) (8) (0,2,3,4,6) (0,1,2,3,4,5,6,7,9) (1,2,3,4,5,6,8,9) (0,2,8) (8,9) {86,48,95,97,57,73,85,69,83,81}
[..........] (4,6,7,8) (0,1,3,4,6,7,8,9) (0,1,2,3,5,6,7,9) (0,1,2,3,4,5,7,9) (4,5) (1,6,7,8,9) (0,1,2) (0,1,2,4,8) (0,1,2,3,4,5,6,7,8,9) (0,1,2,3,5,8) (0,2,4,6,8) (0,1,6,8) (2,3,5,9) {54,56,42,37,51,36,43,43,51,37}
[..........] (1,6,9) (1,6,7) (2) (0,3,4,5,6,7,8,9) (0,1,4,6,7,8) (6) (0,2,3,4,5,6,7) (2,4,6,7,9) (0,2,5,6,7) (5,6,7,9) (0,1,2,3,4,5,7,8) (1,3,6,7,8,9) (0,1,2,3,4,5,6,7,8,9) {94,93,84,80,80,102,172,160,81,100}
[..........] (0,1,2,3,5,6,7,8,9) (1) (0,3,5) (0,2,3,4,5,6,7,8) (0,8,9) (0,4) (0,1,2,3,4,5,6,7,8,9) (5,8,9) (0,1,2,3,5,7,8) (0,1,2,3,4,5,6,8,9) (1,2,7) (0,1,2,3,4,5,6,7,8) (0,2,3,4,5,6,7,8,9) {128,83,93,97,86,106,78,73,104,79}
[..........] (0,2,3,5,7,8) (1,3,4,5,6,9) (0,1,2,4,5,6,7,8) (0,1,2,3,4,6,7,8,9) (1,2,4,5,6,7,8,9) (0,1,2,3,4,5,6,8,9) (1,2,3,4,5,6,7,9) (2,8,9) (0,1,2,3,5,6,7,8,9) (0,1,2,3,4,5,6,7,8,9) (0,1,5,7,8) (2,3,4,5,6,7,8,9) (0,1,2,3,4,5,6,9) {75,89,98,80,86,98,92,90,93,84}
[..........] (5,8) (5) (2,3,4,5,6,7) (2,3,7,8) (1,3,5,6,7,9) (0,2,3,4,5,6,7,8,9) (0,1,3,4,5,6,7,8,9) (0,1,2,4,5,6,7,8,9) (0,2,3,4,5,6,7,9) (0,2,3,5,7,8) (7,9) (0,1,2,3,5,6,7,8) (0,1,2,3,5,6,8,9) {40,31,45,56,29,60,50,52,49,47}
[..........] (5,7) (1,7) (1,2,4,5,6,7,9) (0,1,2,3,4,5,6,7,8,9) (1,4,5,6,9) (0,9) (0,1,3,8) (0,1,2,3,4,5,6,7,9) (0,5,7,9) (0,2,4,5) (1,2,3,4,6,7) (0,2,7,8,9) (3,4,5,6,8) {34,23,30,19,34,41,29,35,21,39}
[..........] (0,1,2,3,4,5,6,7,8,9) (1,2,3,4,5,6,7,8,9) (9) (0,1,2,3,4,6,8,9) (3,5,7) (4,5) (5) (0,1,2,3,5,6,7,8,9) (2) (0,2,4,6,7,9) (1) (3,4) (2,3,7,8,9) {71,96,129,140,100,112,97,120,102,126}
[..........] (0,1,2,3,4,5,6,7,8,9) (0) (1,3,6,7,9) (0,1,3,4,6,8) (2,4,5,8) (1,4,6,7,8) (0,1,3,4,5,8,9) (3,7,8,9) (1,3,4,5,9) (1,2,4,5,6,8,9) (1,5,7,8) (0,1,3,4,5,6,7,8,9) (3,4,8) {30,49,16,45,47,36,37,36,58,44}
[..........] (1,2,3,4,5,7,8,9) (6) (0,6) (0,2,3,5,6,8,9) (1,3,4,5,6,7,9) (0,4) (0,1,2,3,4,5,6,7,8,9) (2,3,4,5,6,9) (0,9) (0,1,3,4,6,7,8,9) (0,2,5,6,7) (1,2,3,4,5,6,7,8) (2,5,6,8) {56,44,60,64,61,68,83,53,49,62}
[..........] (0,1,2,3,4,5,6,7,8,9) (0,2,3,4,5,6,7,8,9) (1,2,3,6,7,8) (0,1,3,8) (2,8) (2) (1,3,6,7,8,9) (0,1,2,9) (0,2,5,7,8,9) (1,3,8) (0,3,5,7,8,9) (4) (1,2,3,5,7,9) {103,138,126,155,47,76,75,117,167,118}
[..........] (0,1,3,5,6,7) (8) (1,3,4,5,7) (0,1,2,3,5,6,7,8,9) (0,1,2,3,4,5,6,7,8,9) (1,6,7) (2,3,5,6,8,9) (0,2,3,4,5,6,7,8,9) (1,2,3,4,5,6,7,8) (2,6,8) (1,3,6,7,8,9) (1,3,4,5,6,7,8,9) (0) {62,92,68,104,60,95,112,103,98,65}
[..........] (3,4,6,9) (1,2,3,4,5,6,8,9) (0,3,5,6) (1,3,4,7) (0,2,3,7,8) (0,1,2,3,4,5,6,7,8,9) (1,4) (2,3,4,6,7,8,9) (0,1,2,4,7,8,9) (3) (0,1,2,3,4,6) (0,1,3,4,6) (7) {80,85,65,125,110,43,89,78,60,64}
[..........] (2,7) (0,1,2,5,6,9) (0,6,7,9) (3) (0,1,2,3,4,5,6,7,8,9) (0,3,4,5,9) (1,2,4,5,7,8,9) (0,1,2,3,4,5,7,8,9) (4,5,6,7,8,9) (0,1,2,3,4,7,9) (0,1,3,5,6,7) (1,9) (0,1,2,3,6,7,8) {33,30,25,34,25,35,28,39,21,34}
[..........] (0,1,2,3,4,5,6,7,8,9) (9) (0,1,2,3,7,8,9) (1,4) (0,1,2,4,5,7,8) (8) (0,5,6,7,8,9) (1,2,3,4,5,6,8,9) (0,1,3,4,5,6,8,9) (3,6,7) (1,6) (0,1,2,4,5,6,7,8) (0,1,3,6,8,9) {57,77,36,52,46,45,77,48,72,62}
[..........] (0,1,2,3,4,5,6,8,9) (2,3,4,5,6,7) (2,6,7,8) (2,3,4,7,8) (0,1,2,3,6,7,8,9) (0,1,2,4,5,7,9) (2,7) (0,1,2,3,4,6,7,8,9) (3,4,7) (0,1,2,3,4,5,6,7,8,9) (0,1,2,3,4,6,8) (0,4,5,6,9) (3) {110,91,150,142,136,82,124,133,103,97}
[..........] (0,2,4,5,6,7,9) (1,3,4,5,6,7) (2,9) (1,2,4,5) (0,2,3,4,5,6,9) (0,2,3,4,5,6,7,8,9) (1,2,4,5,6,7,8,9) (1,2,6,7) (0,1,2,3,5,7,8) (0,1,2,3,4,6,7,8,9) (0,1,2,4,5,6,9) (0,1,2,3,4,5,7,8,9) (9) {31,48,57,26,43,45,36,38,26,37}
[..........] (3,6) (1,3,5,6,7,8,9) (0,4,9) (8) (0,1,2,3,4,5,6,7,8,9) (0) (5) (6,8) (1,3,4,6,8) (7,8,9) (1,3,5,8) (2,6,7,8) (2,4,5,7,8) {28,34,17,41,27,32,50,31,65,28}
[..........] (0,2,3,4,5,6,7,9) (0,1,4,5,8,9) (2,5,8) (0,1,2,3,4,6,7,8,9) (0,1,2,6,7,8) (1) (8) (0,4) (0,2,3,5,7,8,9) (0,1,2,3,6,7,8) (9) (0,2,3,4,5,9) (0,1,4,5,6,7,8,9) {144,98,98,71,97,102,73,94,129,116}
[..........] (0,1,5,6) (1,3,4,7) (0,1,2,3,6,7,8) (0,1,4,6,7,9) (0,1,3,5,6,7,9) (3,6,9) (1,2,5,6,7) (1,2,3,4,8) (0,1,2,5,8,9) (3,5,9) (0,1,2,4,5,6,7,8,9) (8,9) (1,3,4,5,6,7,8,9) {58,87,43,56,39,59,72,66,44,63}
[..........] (1,5,7,9) (0,1,3,6,8) (0,1,3,4,5,7,8,9) (0,1,2,3,4,5,6,7,8,9) (1) (0,1,2,3,4,5,8,9) (0,3,4,6) (0,3,6,7) (3,5) (0,3,4,7,8) (0,2,3,4,7,8) (1,2,3,4,5,6,9) (1,2,4,5,7,9) {50,42,30,60,52,36,28,42,38,33}
[..........] (2,4,5) (0,3,7,9) (0,2,4,5,6,7,8,9) (1,5,6,8,9) (1,3,4,6,7,8) (0,1,2,4,5,7) (0,7) (3,4) (0,1,2,3,4,5,6,7,8,9) (2,5,6,9) (1,4,5,6,9) (2,3,4,5,8,9) (1,3,4,5,6,9) {55,76,79,72,114,114,92,72,71,99}
[..........] (0,2,4,5,7,9) (0,6,7) (0,1) (1,3,4,5,6,9) (0,1,2,3,4,5,6,7,8,9) (4) (2,5,6,7,8) (2,3,5,8) (1,2,3,4,6,7) (8) (0,5,6,7) (0,2,4,5,6,7,9) (0,2,3,4) {50,15,44,24,43,50,43,47,21,31}
[..........] (2,6) (1,3,4,5,6,7,9) (0,3,4,7,9) (0,1,2,3,5,6,8) (0,1,2,3,4,5,6,7,8,9) (0,7) (0,1,2,4,6,7,9) (0,1,2,3,4,5,6,7,8) (3,7) (4,7,8) (9) (1,5) (1,4,7) {60,94,48,67,83,65,62,117,46,50}
[..........] (0,1,6,8) (1,3,4,5,6,8) (2,9) (2,4,5,7,9) (0,1,2,3,8) (0,1,2,3,4,5,7,8,9) (1,4,5,7,9) (2,3,5,9) (0,1,2,3,4,5,7) (0,1,2,3,4,5,6,7,8,9) (0,5,7,9) (0,1,6,7) (0,1,2,3,4,5,6,8,9) {71,79,65,61,63,83,46,64,51,72}
[..........] (0,3,9) (5,6,7,8) (0,2,3,7,9) (0,4,5) (6) (3,5) (1,2,3,5,6,7,9) (0,1,2,3,8) (0,9) (1,2,3,4,5,6,7,8,9) (0,1,2,4,5,6,9) (0,1,3,6,7,8,9) (1,2,3,4,5,6,7,8) {100,87,95,120,60,97,101,94,67,105}
[..........] (0,1,2,3,5,6,7,9) (1,2,4,8) (1,5,7,8) (0,3,4,5,7,8) (1,3,9) (2,5) (6) (1,3,7,8) (2,4,5,8) (0,1,2) (0,1,2,3,4,5,6) (0,1,2,3,5,6,7,8,9) (2) {70,106,109,78,49,88,55,62,75,46}
[..........] (0,1,2,3,5,7,9) (5,6,7,8) (0,2,3,4,5,6,7,8) (2,3,4,7,8) (0,4,5,6,7,9) (2,4,7) (0,3,5,8,9) (0,3,5,7,8) (0,1,3,4,6,7,8) (4,6,9) (0,1,3,4,5,7,8,9) (0,1,2,3,5,9) (2,4,6,7,8) {53,28,35,56,50,54,38,65,61,39}
[..........] (0,1,3,6,7,8,9) (2,3,4,5,6,7,9) (3,4,5,7,8) (1,6) (0) (3,4,7,9) (2,7,9) (0,3,9) (0,2,4,5,6,7) (0,1,2,3,4,5,6,7,8,9) (1,2,3,5,7) (0,3,4,5,6) (3,4,6,8) {72,42,64,109,90,76,86,103,45,74}
[..........] (0,1,2,4,5,6,7,8,9) (0,1,3,4,6,9) (0,1,2,3,4,5,6,7,8,9) (1,3,6) (0,1,3,4,5,6,8,9) (0,1,5) (0,5,7,8,9) (1,2,3,4,5,6,7,8,9) (8) (0,2,4,7,9) (0,1,2,3,5,6,7) (0,2,5,6,8,9) (2,3,4,5,6,7,8,9) {146,135,105,113,117,131,144,101,121,141}
[..........] (2,3) (3,4,7) (3,6) (1,2,4,5,6,9) (1,2,3,4,9) (2,3,5,6,7,8) (3,4,5,6,7,8,9) (0,4) (1,3,5,8,9) (0,1,2,3,4,5,6,7,8,9) (0,1,2,4,5,6,7,8,9) (8) (0,1,4,5,8) {77,103,100,143,155,116,96,84,120,99}
[..........] (0,1,2,3,4,5,6,9) (0,1,2,7,9) (0,2,7) (0,1,2,3,4,5,6,7,8,9) (1,2,5,7,8,9) (2,4,5,7) (0,1,2,3,4,6,8,9) (2,7,9) (0,3,4,5,6,8,9) (0,1,2,4,6,8) (2,4,9) (0,1,3,8) (1,2,5,6,8,9) {121,132,176,74,114,93,105,85,116,145}
[..........] (2,4,5,6,7,8,9) (0,4,5,9) (0,1,4,5,6,7,8,9) (0,1,2,3,4,5,7,8) (0) (0,1,2,3,4,5,6,7,8,9) (2,3,4,6) (8) (0,2,3,6,8) (1,2,3,6,7,8,9) (3,4,6,7) (4) (0,1,2,3,4,5,6,7,8) {132,91,126,124,162,113,146,129,156,98}
[..........] (0,1,2,3,4,5,6,7,8,9) (1,2,5,6,8) (0,2,3,4,5,6,7,8,9) (1,2,4,7,9) (0,1,2,4,6,8) (0,1,2,3,4,6,7,8) (1,2,3,5,6,7,8) (0,2,4,5,6,7,8,9) (1,2,3,4,5,6,7,8,9) (2,3,5,6,7,8,9) (0,5,6,7,8,9) (0,1,2,3,5,7,8,9) (0,1,3,4,7,8,9) {92,88,111,91,85,93,103,119,126,98}
[..........] (0,1,2,3,4,5,6,7,8,9) (1,2,3,4,6,7,8,9) (3) (0,1,2,7,8,9) (3,7,8) (1,4,5,7,9) (0,2,4,9) (0,2,4,6,7) (3,4,5,6,9) (4,5,8,9) (0,1,3,4,5,8,9) (1,2,3,4,7,8,9) (2,3,4,5,7,8,9) {64,76,82,107,136,86,46,90,112,137}
[..........] (0,1,2,3,5,8,9) (0,4,7,8,9) (0,1,2,3,4,5,6,9) (0,1,2,3,5,6,7,9) (0,1,3,8) (0,1,4,9) (2) (6) (0,1,2,3,4,5,6,7,8,9) (1,4,7,8,9) (0,1,2,3,4,5,6,7) (7) (1,8) {41,51,31,31,26,27,20,27,37,39}
[..........] (2,3,4,5,6,8,9) (4,5) (0,1,2,3,4,5,7,9) (2,5,6,8,9) (0,2,3,7) (2,3,4,5,6,9) (1,2,3,4,5,6,9) (0,1,2,4,5,6,7,8,9) (2,3,6,7) (2,5,6,8) (1,2,3,4,5,6,7,9) (0,1,2,3,5,6,7,9) (5) {16,15,54,37,27,55,42,22,24,33}
[..........] (0,1,2,3,4,5,6,7,8,9) (0,1,5,8,9) (3,4,6,7) (0,1,3,5,6,7,9) (0,1,3,8,9) (0,1,2,3,4,7,8,9) (3,7,8,9) (2,3,4,5,7,9) (1,3,4,7) (0,1,6,7,8,9) (0,1,2,3,4,5,6,7,8) (0,1,4,5,7,8,9) (0,1,2,4,5,8,9) {58,64,39,62,63,46,34,74,66,69}
[..........] (2,3,4,5,7,8,9) (2,9) (0,1,2,3,5,6,7,8,9) (0,1,2,4,5) (0,1,2,3,4,5,6,7,8) (0,1,2,3,4,5,6,8,9) (0,1,7,9) (2,4,5,6,7) (1,3,4,5,6,7,8,9) (0,2,3,4,5,8,9) (8) (0,1,2,3,4,5,6,7,8,9) (0,1,4,6,9) {149,149,173,135,178,181,132,131,156,157}
[..........] (0,1,2,3,5,6,7,8,9) (0,1,3,4,6,7,8,9) (0,1,2,5,6,7) (2,3,4,5,7,8) (2,6,8,9) (0,1,2,6,9) (1,3,5,6,7,8) (0,1,3,4,5,6,7,8,9) (3,6,7,8) (0,2,3,4,5,6,7,8) (1,2,3,5,7,9) (2,5,6) (2,4,7,8) {18,25,41,31,23,29,39,47,46,21}
[..........] (7) (0,1,2,3,4,7,8,9) (1,8,9) (0,1,3,4,5,6,7,8) (4,6,8) (2,4,9) (0,1,2,3,4,5,6,7,8,9) (0,2,3,4,6,7,9) (0,2,4,5,6,8,9) (2,4,5,7) (2,3,5) (2,3,5,6,7,8,9) (1,3,4,6,7,8,9) {41,32,60,53,59,43,51,57,50,58}
[..........] (0,1,2,3,4,5,6,7,9) (0,2,3,4,5,6,7,8,9) (0,1,3,4,8) (8) (0,1,2,3,5,6,7,8,9) (1,2,3,5,6,7,8,9) (9) (1,3,4,6,8,9) (1,3) (3,5,6,8) (3,5,6) (0,3,4,5,6,7,8,9) (0,2,3,4,5,7,9) {89,81,77,162,90,128,123,91,113,118}
[..........] (1,2,7,8,9) (2,4,5) (0,2,3,4,7) (1,2,3,5,7,8,9) (8) (6,7) (9) (2) (0,1,2,3,4,5,6,7,8,9) (1,6,7,9) (0,2,3,4,5,6,7,9) (0,1,3,4,6,7,8,9) (0,1,2,3,5,6,7,8) {66,90,115,90,65,81,82,129,79,98}
[..........] (0,1,2,3,4,5,6,7,8,9) (3,8) (2,5,6,7,8) (0,1,2,3,6,7,8) (1,2,3,6,8) (4,9) (2,5,6,8) (0,1,3,5,6,7,8,9) (0,1,4,6,8,9) (0,1,2,3,9) (8) (2,8) (5,6,7) {76,97,113,98,43,58,120,68,156,67}
[..........] (0,2,3,7) (0,1,2,3,4,5,6,7,8,9) (0,1,2,3,4,6,7,8,9) (1,4) (1,4,5,6,9) (0,1,2,3,4,6,7,9) (0,1,2,4,7,9) (0,2,6,7) (0,1,2,3,4,5,6,8,9) (6,9) (3,4,6,8) (0,1,3,4,5,6,7) (0,5,9) {118,112,92,98,128,67,121,98,55,103}
[..........] (6) (1) (7,8,9) (0,3,4,5,6,7,8,9) (2,5,6,7) (0,1,2,3,5,7,8,9) (1,2,3,6,8,9) (2,3,4,5,6,7,8) (3,7) (4) (2,4,5,9) (1,3,4,6,7,8,9) (0,5,6,7,9) {11,25,28,33,23,28,40,44,31,37}
[..........] (0,2,4,6,8) (8) (1,2,3,4,5,7,8,9) (5,6,7,8) (3,8) (0,8) (0,2,3,4,6,8,9) (1,4,5,6,7) (0,1,5) (1,2,3,7) (3,5,6,8) (0,1,2,3,4,5,6,7,8,9) (1,2,3,4,5,6,7) {60,66,60,79,67,84,85,62,95,37}
[..........] (4) (0,2,3,4,5,6,7,8) (2,4,5,7,8,9) (1,2,3,4,5,6,7,8,9) (1,4) (3,7) (0,3) (0,1,3,8,9) (0,3,4,5,8) (1,5,8,9) (0,6) (0,1,2,3,4,5,6,7,8) (0,1,3,4,5,8) {56,38,30,67,55,47,33,40,56,29}
[..........] (0,1,9) (1,2,3,4,5,6,7,8,9) (0,1,2,3,4,5,6,7,8,9) (0,2,3,4,5,7,8,9) (1,2,5,7,8,9) (0,1,2,4,5,6,7) (1,2,6,7,8) (0,2,3) (0,1,4,6) (4,8) (1,3,6,7,8,9) (0,1,3) (8) {25,34,22,25,20,14,23,28,32,25}
[..........] (1,4,5,7,9) (0,1,2,3,4,5,6,7,8,9) (1,4,6,8) (0,1,2,4,5,6,7,9) (1,3,4,5,7,8,9) (0,2,5,7,8,9) (0,1,3,4,5,7,8,9) (9) (3) (1,2,3,4,5,6,7) (5) (0,1,2,3,5,6,8,9) (0,3,4,9) {110,144,93,117,144,166,95,123,103,160}
[..........] (5) (4,5,6,7,8,9) (0,2,3,5,7,8,9) (1,3,5,6,7,8) (0,1,2,3,4,6,7,8) (0,1,5,6) (0,1,4,5,7,8,9) (0,1,2,3,4,5,7,8) (0,2,4,5,6,7,8,9) (0,4,6,7) (0,1,2,3,4,5,6,7,8,9) (0,2,4,6,7,8) (4,8) {101,57,67,49,105,92,90,114,111,62}
[..........] (0,1,2,3,4,6,7,9) (3) (5) (0,1,2,3,4,5,6,8,9) (6) (0,1,4,5,6,7,8,9) (1,3,4,6) (1,9) (3,7) (0,1,2,3,4,6,7,8,9) (0,1,4,5,7) (2,5) (0,2,4) {83,102,73,94,97,54,85,74,35,76}
[..........] (6) (1,4,5) (8) (0,1,2,3,4,5,6,7,8,9) (0,7,8) (0,2,5,6,7,9) (1,2,3,4,5,7,8,9) (0,1,2,5,7,8) (7,8,9) (3) (0,1,2,4,5,7) (0,2,3,4,6,7,8,9) (0,1,2,4,5,6,7,8) {51,47,50,27,39,51,27,65,59,31}
[..........] (0,1,2,3,5,7,9) (1,3,4,5,6) (0,2,3,4,5,6,7,8,9) (6,7) (3,8,9) (2,6) (3,4,5,6,9) (0,1,2,3,4,5,8,9) (0,1,2,3,4,5,6,7,9) (8) (0,2,4,6,8) (3,4,5,6,8) (1,3,4,5,7) {58,54,74,106,97,96,108,64,70,73}
[..........] (3,7,8) (3,7) (8) (0,1,3,4,5,6,7,8,9) (0,1,2,3,4,5,6,8,9) (1,5,6,7) (0,1,2,3,4,5,6,7,8) (0,2,4,6) (0,1,8) (2) (3,5,7) (3,6) (0,1,2,3,4,5,6,7,8,9) {77,87,67,103,67,85,103,89,85,47}
[..........] (0) (0,1,2,4,5,7,8) (8) (1,2,5,6) (0,6,8) (0,1,4) (2) (1,2,3) (1,2,4,5,9) (0,1,2,3,4,8) (0,2,3,4,5,6,7,8,9) (4,6,7) (2,3,5) {108,125,162,82,120,104,61,51,87,36}
[..........] (0,1,2,3,4,5,6,7,8,9) (0,1,2,3,4,6,7,8,9) (0,1,2,4,5,6,7,8,9) (1,2,4,5,6,7,8,9) (0,2,3,4,5,9) (0,1,2,4,5,6,7,8) (0,1,3,4,6,7,8,9) (1,2,5,6,7,8,9) (1,5,7,8) (0,1,2,4,5,6,7) (3) (0,1,3,4,6,8) (8) {151,184,141,125,168,132,169,162,191,124}
[..........] (3,6,8) (3,4,6,8,9) (0,1,2,3,4,5,7,8,9) (0,1,2,3,4,5,6,7,8,9) (0,1,2,3,4,5,6,8) (0,1,3,6) (5,8,9) (4,5,7) (2,3,4,5,6,7,8) (0,1,2,4,5,6,7,8,9) (4,5,9) (0,1,3,4,5,6,7) (0,1,2,3,4,8,9) {65,65,52,85,87,76,75,53,81,54}
[..........] (2,7,8) (0,1,4,5,7,8,9) (0,1,2,5,6,7,9) (0,3,4,5,6,9) (0,2,4,6,8,9) (0,9) (0,3,4,5,6,7,8,9) (0,1,2,3,4,5,6,7,8,9) (0,4,5,6) (0,1,4,5,7) (1,2,3,4,6,7,8,9) (1,2,3,4,5,6,7,9) (0) {103,57,60,44,88,79,78,83,66,89}
[..........] (0) (1,3,4,5,6,7,8,9) (0,1,2,3,4,6,8,9) (2,5,6,7,9) (1,3,4,5,7) (3,5,9) (0,5,6,7,8,9) (3,9) (1,2,3,4,5,6,7,8,9) (4) (2,3,4,5,6,8) (2,6,8) (0,1,2,3,5,6,7,9) {42,58,71,92,78,92,97,67,83,81}
[..........] (1) (1,2,4,5,7) (0,1,2,5,6,7,8,9) (2,4,7,8,9) (0,1,2,3,5,6,7) (0,8) (1,2,3,5,9) (2,6) (1,4,9) (3,8,9) (0,4) (0,1,3,4,5,6,7) (1,2,3,4,5,6,7,8,9) {36,51,50,27,51,37,29,45,39,42}
[..........] (0,1,2,3,4,6,7,8,9) (0,2,3,6) (0,1,3,9) (5,8) (3,4,5,7,9) (0,7) (1,5,6,7,9) (3,4,5,6,8,9) (2,3,4,5,6,7,8,9) (1,2,7,9) (2,4,5,6,7,8,9) (2,5,8,9) (1,2,3,4,8,9) {17,23,32,43,40,49,36,42,38,59}
[..........] (0,3,5,7,9) (0,1,9) (1,3,4,5,6,7,9) (1,2,3,6,7,8) (0,1,2,3,4,6,7,8,9) (2,3) (0,3) (7) (1,6,8,9) (0,3,4,6,7,9) (0,1,2,3,4,5,6,7,8,9) (0,1,4,5,8,9) (0,2,3,5,6,7,9) {109,97,68,121,73,75,92,102,71,125}
[..........] (1,2,3,5,6,7,9) (1,2,6,7,8) (1,5,6) (2,3,4,5,6,8) (3) (1,5) (0,2,4,6,7,9) (0,2,9) (6) (8) (2,3) (0,2,3,5) (0,1,2,3,4,5,6,7,8,9) {27,29,49,42,19,34,42,28,19,29}
[..........] (0,1,2,3,4,5,6,7,8,9) (0,2,4,9) (1,2,3,4,5,7,8,9) (0,1,2,5,8,9) (2) (0,3,4,5,6,8,9) (5,8) (4,6) (0,2,4,5,8,9) (0,1,3,6,9) (0,1,6,7) (0,5,6,9) (1) {39,25,26,17,24,34,26,11,25,41}
[..........] (0,2,3,4,5,7,8,9) (1) (2,6,7,8) (0,1,2,3,4,5,6,7,8,9) (0,1,3,4,5,6,9) (0,1,2,3,5,6,7,8,9) (0,1,2,3,6,8,9) (4,6,7,8,9) (0,8) (0,1,2) (0,1,3,4,5,6,7,8,9) (6) (0,1,2,4,7,9) {179,163,128,132,118,119,159,138,152,158}
[..........] (1,2,7) (0,1,2,5,6,7,8,9) (0,1,4,6,8,9) (0,1,2,3,4,5,7,9) (3,4,7,9) (0,2,3,4,7) (2,3,4,7,8,9) (0,4) (0,1,2,3,4,5,6,7,9) (0,2,3,4,5,7,8,9) (1,3,5,6,8) (0,2,3,5,6,7,8,9) (0,1,2,3,4,5,7,8,9) {46,46,38,52,49,43,36,49,47,53}
[..........] (0,1,3,4,6,7,8) (3,4) (0) (0,1,2,3,4,5,6,8,9) (1,2,3) (3,6) (0,1,2,3,5,6,8,9) (1,2,3,5,6,8,9) (1,2,7,8) (0,1,2,3,4,6,8,9) (0,1,2,4,5,7,9) (0,1,2,5) (1) {134,189,153,162,87,95,129,42,117,101}
[..........] (0,1,5,7,8,9) (0,1,2,3,4,5,6,7,8,9) (3,7,9) (0,9) (0,2,3,6) (8) (0,1,2,3,4,5,7,8,9) (1,2,4,5) (1,2,3,4,5,6,7,8,9) (0,1,2,4,7) (0,1,2,3,7,9) (0,1,2,3,4,6,7) (1,3,4,5,6,8,9) {87,102,94,101,85,74,64,91,71,101}
[..........] (0,1,2,3,4,5,6,7,8,9) (2) (0,2,3,4,5,7,8,9) (0,1,2,4,5,6,7,8,9) (0,2) (1,3,7) (0,2,3,4,5,6,8,9) (0,1,3,5,9) (3,5,6,7) (1,2,3,4,5,6,7,9) (0,1,2,3,5,8) (0,1,2,3,6,8,9) (5) {123,109,145,137,85,147,107,100,96,113}
[..........] (0,2,3,4,5,6,7,8,9) (5,6,7) (0,1,5,6) (0,2,3,5,6,7,8,9) (0,1,2,3,4,5,6,7,8,9) (1,4,7,8,9) (0,3,4,5,6,8) (1,3,4,5,6,8) (0,1,2,3,5,6) (5) (0,1,2,3,4,5,8,9) (5,6,7,8,9) (2,3,7,8,9) {32,33,23,41,32,55,39,17,42,24}
[..........] (1,2,3,4,5,7,8,9) (0,1,3,4,6,7,8) (3,5,8,9) (0,7,9) (0,2,3,5,6,8,9) (2,5,7,9) (3,6,9) (0,5) (0,1,2,3,4,5,6,7,8,9) (0,1,3,4,6,8,9) (0,1,2,6) (1,6,8,9) (3,4,6) {143,111,96,147,92,115,150,103,132,168}
[..........] (0,4) (1,2,8) (0,4,5,6,7,8) (0,1,2,3,4,5,6,7,9) (1,2,4,5,6,7,8,9) (1,2,3,5,6,7) (1,5,6) (2,8,9) (0,1,2,3,5,6,7,9) (3,6,7) (0,1,2,3,4,5,6,7,8) (3) (0,1,3,4,5,6,7,8,9) {92,122,104,108,85,120,135,118,85,77}
[..........] (3) (0,1,2,4,5,6,8) (0,1,2,7,8) (0,1,2,4,5,7,8,9) (2,3,5,8) (0,2,3,4,5,6,7,8,9) (2,4,5,6,7,8,9) (1,2,5,8) (2,6,7,9) (0,4) (0,7) (2,5,8) (0,1,2,8) {98,71,152,38,73,104,67,102,135,67}
[..........] (1,5,7) (0,1,2,3,4,5,6,7,8,9) (3,4,6,7) (1) (0,1,2,4,6,7,8,9) (1,2,6,9) (1,2,3,5,6,8,9) (3,4) (0,1,2,3,4,6,7,8,9) (0,6,7,8,9) (0,1,3,4,5,6,7,8,9) (1,2,3,5,6,7,8,9) (2,4,5,6,7) {25,43,28,43,38,29,52,50,33,39}
[..........] (1,2,4,6,7,8,9) (1,6,7) (0) (0,4,5,6,7,8,9) (4) (0,1,2,3,4,5,6,7,8,9) (1,3,4,5,7,8,9) (4,9) (9) (1,2,3,5,8,9) (0,1,4,5) (0,1,2,9) (0,1,3,4,5,6) {39,67,30,34,62,45,39,39,36,61}
[..........] (7) (0,5) (8) (1,2,3,5) (0,2,3,4,8) (0,2,5,6,7,8,9) (2,4,6,9) (0,1,2,3,4,5,8,9) (1,2,3,4,6,7,8,9) (0,1,2,3,4,5,6,7,8,9) (1) (0,2,4,8,9) (2,5,6) {84,77,139,68,86,91,85,62,99,89}
[..........] (0,1,2,3,5,6,7) (0,1,4,6) (2,4) (1,3,4,7) (5,6,9) (1,2,3,5,8) (0,2,3,6,7) (1,2,7,8) (1,2,8) (0,1,2,3,4,5,6,7,8,9) (0,1,3,4,5,6,7,8,9) (0,2,5,9) (0,1,3,4,5,6,7,9) {27,38,30,27,24,26,23,27,19,18}
[..........] (0,2,3,5,6,7,8,9) (9) (0,1,2,4,5,6,7,8,9) (0,4,5) (0,1,2,3,4,5,6,7,8,9) (2,3,5,6,7) (4,9) (1,2,3,4,6,7,9) (1,2,4,7,8,9) (0,2,3,6,9) (2,7) (0,1,2,3,5,7,8) (0,1,3,4,5,6,7,9) {145,114,175,148,132,121,146,160,85,181}
[..........] (0,1,2,3,4,5,6,7,8,9) (3,5,6,7,9) (0,1,2,3,5,6,7,8,9) (0,1,2,3,4,7) (1,5) (0,1,2,3,5,6,7,8) (0,3,5,6,7,8) (0,2,4,7) (4,9) (0,3,4,5,6,7,8,9) (0,2,3,4,5,6,7,8,9) (1,2,3,4,6,7,9) (8,9) {62,42,54,67,60,59,59,72,59,67}
[..........] (0,1,3,4,6,9) (5,6,7,9) (0,7) (4) (0,1,2,3,4,5,6,7,8,9) (1,3,6,7,8) (0,2,3,4,5,6,7) (0,1,3,5,9) (0,1,3,4,5,6,8,9) (1,5) (2,9) (0,1,2,3,4,5,8,9) (1,2,3,8,9) {122,138,95,139,99,128,100,90,88,140}
[..........] (0,7) (4,6,8) (0,1,9) (9) (0,1,2,3,5,6,7,8,9) (1,5,7) (1,4,5,6,7,8,9) (0,1,3,4,5,6,7,8) (0,1,3,4,6,7,9) (0,2,3,4,5,6,8,9) (0,1,2,3,4,5,6,7,8,9) (0,1,3,4,5,6,8) (0,1,2,4,6,7,8,9) {130,136,65,87,120,107,137,126,124,121}
[..........] (2,3,4,5,6,7,8,9) (6) (5) (1,2,7) (1,2,3,4,6,7,8,9) (0,1,6,9) (0,2,3,5,7,9) (1,2,5,8,9) (0,1,2,3,4,5,7,8,9) (3,6) (1,7,8) (1,2,6,7) (0,1,2,3,4,5,6,7,8,9) {60,112,111,89,63,79,84,107,85,101}
[..........] (0,1,2,3,4,6,7) (1,2,4) (0,1,2,3,4,5,6,8) (1,3,5,7) (0,1,2,3,4,5,6,7,8,9) (2) (0,2,3,5,7,8,9) (0,2,3,4,6,7,8,9) (0,1,2,3,6,8,9) (0,1,2,5,6,8,9) (1,2,3,5,7) (0,1) (5) {49,56,62,45,25,42,34,33,36,32}
[..........] (4) (1,2,3,4,5,6,8) (0,2,6,8) (1,2,4,5,6,7,9) (1,6,8) (3,5) (4,6,8) (0,2) (1) (5,6,7) (0,1,5,8) (1,7,8) (3,4,5,6) {18,29,22,10,26,29,36,18,27,6}
[..........] (0,3,4,9) (0,2,4,6,7,8,9) (0,1,3,4,5,6,7,8,9) (0,1,2,3,4,5,6,7,8) (0,1,3,4,6,7) (3,5,6,7,8,9) (1,3,5,7) (1,2) (2,4,5,6) (0,2,4,5,6,7) (0,1,4,5,6,7,8,9) (0,1,2,3,4,5,6,7,8,9) (0,1,2,3,4,5,7,8) {96,83,57,94,108,94,104,112,72,68}
[..........] (0,1,2,3,4,6,7,8,9) (1,2,3,4,5,6,7,8,9) (0,4,7,9) (1,2,3,4,6,7,9) (4,9) (0,4,5,6,8,9) (0,1,5,8,9) (0,1,2,3,4,5,6,7,8,9) (0,8) (0,1,2,3,4,5,6,7,8) (0,2,3,4,5,6,7,8,9) (1,2,4,6,8,9) (0,4) {64,40,37,35,62,43,44,42,61,61}
[..........] (1,2,4,5,6,7,9) (0,1,3,4,5,6,7) (0,4,5,7,9) (0,1,2,4,6,8,9) (6,7) (1,2,3,4,6,8) (0,2,3,5,6,8,9) (0,1,2,6,8,9) (2,3,4,5,6,7,8,9) (6,7,9) (0,1,2,3,4,5,6,7,8,9) (4,7) (0,1,3,4,6,7,9) {67,63,68,65,93,65,109,92,61,85}
[..........] (2,3,5) (5,6,8) (0,1,2,3,4,5,6,7,8,9) (0,1,2,4,7,8) (2,3,4,5,8) (2,4,8) (0,1,4,5,6,7,9) (1,2,4,5,6,7,8,9) (0,1,3,4,6,7,8) (0,1,2,5,6) (1,2,4,6,7,8,9) (1,2,4,6,8,9) (6,7) {57,104,121,49,112,89,116,87,109,70}
[..........] (1,3,4,6,7,9) (0,1,2,3,4,5,6,7,8) (0,3,4,7,8) (4,8,9) (0,1,2,3,4,5,6,7,8,9) (4,5,8) (0,1,3,6,9) (0,2,3,4,5,6,7,8,9) (0,1,4,6) (0,2,3,4,5,6,7,9) (1,4,6) (4) (5,8) {30,30,17,33,42,28,36,24,28,29}
[..........] (0,2,4,8) (0,1,7) (0,1,2,3,4,6,7,8,9) (1,2,3,5,6,7,8,9) (1,2,3,4,5,6,9) (1,2,3,4,5,6,7) (1,2,5,6) (0,1,2,3,4,5,6,7,8,9) (2,3,8) (3,7,8) (0,2,4,5) (2,3) (1,2,3,4,5,6,7,8,9) {56,87,123,102,77,76,76,76,68,52}
[..........] (0,1,2,3,5,6,8) (1,3,5,6,7) (0,1,4,6,7,8) (0,2,6) (0,1,2,4,5,6,7,8,9) (2,5,9) (0,3,4,5,6,7,8) (0,2,3,4,5,6,7) (0,1,3,4,6,7,9) (0,9) (1,3,7,8,9) (2,3,6,7,9) (0,1,2,3,4,5,7,8) {159,131,126,136,112,132,153,166,111,112}
[..........] (0,1,2,3,4,5,6,7,8,9) (2,4,5,8,9) (1,2,3,5,6,7,9) (6,8) (0,1,8,9) (0,3,4,6,7,8) (1,4,5,6,7,9) (1,3,4,5,7,8) (3,4) (1,5,7,8,9) (3,5,7,8,9) (0,1,2,5,7) (0,1,3,8) {51,84,34,65,54,78,45,75,89,68}
[..........] (2,3,5,8,9) (1,3,4,5,7,8,9) (2,4,8) (1,4,5,7,8,9) (0,3,9) (0,1,2,6,7) (0,3,8) (0,1,3,4,5,6,7,8) (3,4,5,7,9) (0,1,3,4,5,6,7,8,9) (0,1,2,3,5,6,7,9) (0,6,9) (4,6) {31,26,16,29,31,26,29,29,30,32}
[..........] (4) (2,3,5,6,7,8) (0,1,2,3,4,5,6,7,8,9) (7,9) (8) (0,1,2,3,4,5,6,8,9) (0,4,8) (2) (3,4,5,6,7,8) (0,2,3,4,6,8) (0,1,2,4,5,8,9) (0,1,4,5,6,7,8,9) (1,2,3,4,5,6,7,8,9) {67,55,88,82,114,81,89,69,125,64}
[..........] (3,4,5,7,8) (4,6) (1,2,3,4,6,7,8,9) (1) (4) (3,7) (0,2,4,5,7,8) (1,2,3,4,5,6,7,8,9) (4,7,9) (3) (0,1,3,4,7) (1,2,3,4,5,6,8,9) (0,1,2,3,4,5,6,8,9) {40,97,74,127,163,74,79,107,90,74}
[..........] (4,8) (0,1,3,4,5,6,7,8) (0,1,2,3,5,6) (1,2,3,4,5,6,7,9) (0,1,3,5,7,9) (0,1,2,4,6,7,8,9) (0,1,2,3,4,5,6,7,8,9) (3,4,8,9) (0,9) (1,3,4,7,8,9) (0,2,3,4,5,6,7,9) (1,3,8,9) (1,2,3,6,8,9) {57,79,51,81,73,48,60,58,77,82}
[..........] (1,6,9) (1,5,7,9) (6,8,9) (0,1,3,6,7,9) (0,1,3,4,5,6,7,8) (0,1,2,4,5,6) (0,2,3,5,7) (0,1,2,3,4,5,6,7,8,9) (2,6,8,9) (0,1,2,3,4,5,6,8) (1,3,6,8) (0,1,3,4,5,8) (2,6) {35,50,25,37,24,35,52,27,37,35}
[..........] (0,1,2,3,5,6,7,8,9) (1,3,6,7,8) (2,3,5,7) (3,4,5,6,8) (3) (5,6) (0,3,8,9) (0,2,3,4,5,7,8,9) (5,6,8) (1,2,3,4,6,7,8,9) (1,2,3,4,5,6,7) (8) (0,2,3,4,5,6,8,9) {65,73,107,166,96,146,149,105,157,86}
[..........] (1,2,3,4,5,6,9) (4,9) (0,1,2,3,4,5,6,7,8,9) (0,2,3,4,5,6,7,9) (0,1,2,4,5,6,7,9) (1,8) (3,4) (0,1,2,4,5,6,8,9) (0,1,2,3,7,8) (0,8,9) (2,3,4,6,9) (6) (2,3,7,9) {48,55,72,61,67,42,60,45,43,79}
[..........] (0,2,7,8,9) (1,2,3,4,5,7,8,9) (0,1,3,4,5,6,8,9) (0,2,3,5,6,7,9) (0,1,2,3,5,6,7,8) (2,3,7) (3,4,5,6,7,8) (0,1,2,3,5,6,7,8,9) (1,5,6,8) (0,1,3,4,5,6,7,8,9) (0,1,2,3,4,5,6,7) (0,5,6,7) (0,5,7,9) {53,47,43,59,32,72,60,69,53,39}
[..........] (0,4,7,8,9) (9) (0,1,2,3,4,7,8) (1,2,3,4,5,6,7,9) (0,1,2,3,4,5,6,7,8,9) (2,4,5,6,8) (1,2,3,6,8,9) (4) (7) (3,7,9) (0,4,5,7) (0,2,3,4,8,9) (3,9) {90,73,113,141,144,75,76,129,107,167}
[..........] (7) (0,1,2,3,4,5,6,7,8,9) (1,3) (1,4,5,6,7,8,9) (1,3,5,9) (2,6) (0,1,2,3,4,5,7,8,9) (1,2,5,6,7,8,9) (4,7) (2,5,8) (0,2,3,4,6,8,9) (5,9) (3,6) {27,57,59,64,46,71,63,48,54,74}
[..........] (1,2,3,4,5,6,7,8,9) (1,2,3,4,5,9) (0,1,2,3,7,8) (1,9) (0,8) (0,9) (6) (0,3,7,8) (1,3) (4,5,6,7,9) (1,2,5,6,7,8,9) (0,1,2,3,4,5,6,7,8,9) (8) {62,101,66,82,52,67,73,81,100,97}
[..........] (5,6) (1,5,8) (1,4,6,9) (0,1,2,3,6,7,8,9) (0,3,5,7,8,9) (0,3,4,5,9) (0,1,2,3,4,5,6,7,8,9) (6,7,8) (0,1,3,7) (0,2,3,4,5,6,7,8,9) (0,1,2,4,5,6,7,8,9) (1,2,3,4,5,8) (0,1,2,3,4,5,6,7,8) {94,104,72,103,79,101,87,97,107,74}
[..........] (1,4,5,8,9) (2,7,9) (0,1,2,3,4,6,8) (0,1,2,3,5,6,7,8,9) (0,1,2,3,4,5,6,7,8) (0,1,2,3,4,6,7,8,9) (0,4,5,6,8,9) (0,1,2,3,4,5,6,7,8,9) (0,2,3,4,6,7,8,9) (0,1,5,6,7,8,9) (0,1,2,3,4,5,6,7,9) (0,1,4,5,6,7,8,9) (4,7,9) {42,40,42,33,51,36,42,56,47,61}
[..........] (0,1,2,3,4,6,7,8) (1,9) (0,1,3,4,5,7,8,9) (7) (0,1,2,3,4,5,6,7,8,9) (0,1,2,3,6,7,8,9) (2) (2,3,4) (0,5,6,8,9) (2,3,4,6,7,9) (3,6) (0,1,2,3,4,5,7) (1,5,7) {78,85,83,99,71,62,83,98,67,83}
[..........] (0,3,4,5,9) (1,4) (2,3,7) (0,1,2,3,4,5,6,7,8,9) (0,1,2,3,5,6,7,8,9) (1,2,3,4,5,6,7,8,9) (0,2,3,4,5,9) (0,1,3,4,5,6,7,8,9) (3,4,5,6,8,9) (2,7) (1,2,3,4,5,6,7,8) (4) (0,1,2,4,5,6,7,8,9) {64,76,92,97,107,96,75,87,75,86}
[..........] (1,3,4,5,8,9) (0,2,3,4,5,7,8,9) (1,8,9) (0,1,2,4,5,7,8,9) (3,4,9) (2,3,4,6) (0,1,2,3,4,5,6,7,8,9) (1,3,4,5,6) (6) (0,1,3,4,5,6,8,9) (1,2,3,4,6,7,8,9) (0,3,4,6,7,8,9) (1) {73,115,89,131,144,85,112,78,125,131}
[..........] (0,4,5,7) (1,2,4,5) (2,3,4,5,6,8,9) (0,2,3,4,6,8,9) (1,5,6,7,8,9) (0,1,2,3,4,5,6,7,8,9) (0,1,2,3,4,6,7,9) (2,3,5,8,9) (0,1,2,4,5,6,8,9) (1,2,4) (1,4,6) (0,7,8,9) (8) {74,95,95,61,105,90,92,70,106,103}
[..........] (1,2,3,4,5,7,9) (2,5,7,8,9) (1,3,5,7) (3,5) (0,2,3,4,5,7,9) (2,3,7) (0,1,4,6,7,8,9) (0,5) (0,3,4,5,6,7,8) (0,2,3,4,5,7,8,9) (1) (0,1,2,3,4,5,9) (2,3,4,5,6,7,8,9) {86,79,114,152,111,156,47,147,75,108}
[..........] (0,6,8) (0,1,2,3,4,5,6,7,8,9) (1,2,3,4,6,7,8,9) (2,5,7,8) (0,1,2,3,5,6,7,8,9) (5) (5,7) (2,9) (1,3,5,6,8) (0,2,4,6,7,8,9) (3,4,5) (0,1,3,4,6,7,8,9) (1,2,3,4,5,6,7,8) {27,32,28,33,25,35,43,38,47,27}
[..........] (5) (2,9) (0,1,2,3,5,6,8,9) (7) (0,2,3,4,6,8,9) (0,1,3,6,7,9) (1,2,3,6) (0,1,2,4,5,6,9) (0,1,3,4,6,7,8,9) (1,2,3,5,6) (0,1,2,4,5,7,8) (0,2,3,4,5,6,7,8,9) (2,4,9) {56,55,65,55,44,42,60,43,44,58}
[..........] (0,1,2,3,5,6,7,9) (3,4,5,6,7) (4,5,6,9) (0,1,2,8) (0,2,3,6,8,9) (3,4) (0,8,9) (0,2,3,5,6,7,8,9) (2,3,5) (1,3,4,5,8) (1,2,4,5,7,8) (0,1,3,4,5,6,7,8,9) (3,4,5,8) {94,88,101,136,112,141,82,76,139,87}
[..........] (0,1,2,3,4,5,6,8,9) (0,2,3,4,5,6,7,8,9) (7) (1,4,5,6,7,8,9) (2,5,6,7,8,9) (5,8) (2,3,5,8,9) (2,3,4,6,7,8) (0,1,3,5,6,7,9) (0,1,7) (1,2,3,5,6,7,8,9) (0,3,4,6,8,9) (3,5,6,7,9) {68,70,78,102,57,134,121,121,123,124}
[..........] (0,1,2,3,4,5,6,7,8,9) (0,3,5,6,9) (0,3,4,5,7,9) (2,3,4,7,8,9) (1,6,9) (6,8) (5) (0,1,2,5,6,7,8,9) (0,1,3,4,5,6,7,8) (0,1,5,8,9) (1,2) (0,6,7) (0,1,2,3,4,5,6,7) {134,116,79,105,89,134,125,118,88,108}
[..........] (0,1,3,5,6,8) (0,1,2,3,4,5,6,7,8,9) (1,2,5,6,8,9) (0,1,2,3,4,5,6,9) (0,4,5,6,9) (1,3,4,5) (0,2,4,6,9) (0,1,3,4,5,6,9) (0,2,4,7,8) (0,1,2,3,4,5,6,8,9) (1,3,4,6,7) (0,1,2,3,4,6,8,9) (0,1,2,3,4,6,7,8,9) {52,52,40,46,55,44,59,15,38,48}
[..........] (0,1,2,3,4,5,6,8) (1,3,4,5,6,7,8,9) (1,2,3,4,5) (1) (0,1,2,3,4,5,6,7,8,9) (2,4,5,6,8,9) (0,3,4,6,8,9) (4) (0,2,6,7) (0,1,2,4,5,6) (0,1,2,3,4,6,7,8) (0,1,4,5,8,9) (2,5,8) {132,150,145,100,175,149,144,63,149,85}
[..........] (0,1,2,3,5,7,9) (0) (1,3,4) (0,2,3,4,5,6) (1,7) (0,1,3,4,5,6,7,8,9) (0,2,3,4,5,7) (3,4,6,7) (0,1,2,3,4,5,6,7,8,9) (1,2,3,4,5,6,7,8,9) (2,4,8,9) (4,5,9) (0,3,4,7) {62,51,53,77,80,60,39,64,31,46}
[..........] (0,1,2,3,4,5,6,7,8,9) (0,3,7) (0,2,3,5,6,8) (0,3,4,6,7,8,9) (0,2,3,7) (2,3,9) (5) (0,1,3,4,5,8,9) (3,5) (0,1,3,4,5,7,8,9) (1,3,6,8) (0,1,3,4,5,6,7,8,9) (2,4,6) {81,48,49,107,71,69,67,66,71,64}
[..........] (0,2,3,4,5,6,7,8,9) (0,2,4,5,6,7,9) (0,6,8,9) (0,5,6,8) (1,2,3,4,5,6,7,8,9) (4,8) (1,5,6,7,8,9) (0,1,3,4,5,6,7,9) (0,4,5,6,7,8) (1) (1,3,4,5,6,7,8,9) (4,5,7,9) (3,5,8) {114,82,54,87,141,172,160,136,155,147}
[..........] (0,1,2,3,4,5,6,7,9) (0,1,2,4,6,8) (2,3,4,5,7,9) (1,3,7) (2,4,6,9) (4,5,9) (1,3,4,5,6,7,8,9) (0,7) (0,1,3,4,5,6,7,8,9) (4,7) (0,1,2,4,5,7,8,9) (0,1,3,4,5,8,9) (2,4,5,6,7,9) {80,100,83,88,157,104,86,128,69,120}
[..........] (0,1,2,3,4,5,7,8,9) (2,4) (0,1,3,4,5,6,7,8) (0,1,2,5,8) (1,2,4,7,9) (0,2,3,4,5,6,8,9) (0,3,5,6,7,8,9) (0,1,2,3,5,6,7) (0,1,2,3,4,5,6,7,8,9) (0,1,2,5,7,8,9) (1,3,4,5,6,7,8) (7) (0,4,5,7,8) {69,69,62,47,53,78,44,86,67,44}
[..........] (1,2,8) (0,1,2,3,4,5,6,7,9) (0,1,3,4,5,7,8,9) (3,7,8) (1,2,5,6,7,9) (0,3,6,7,8,9) (1,2,3,4,5,9) (1,2,3,7,8) (1,3,5,6,8,9) (0,1,2,8) (0,1,2,3,4,5,6,7,8,9) (0,1,3,4,6,7,8,9) (0,1,3,4,5,7,8) {43,68,41,61,40,47,35,56,58,54}
[..........] (0,1,3,4,5,6,8,9) (0,1,3,4,5,6,7,8,9) (0,1,2,3,4,7,8) (1,3) (0,1,3,7,9) (0,1,2,3,4,5,6,7,8,9) (3,8) (0,1,2,5,7) (5) (0,1,3,5,6,7,8,9) (0,1,3,4,5,7,8,9) (1,5,7) (2,4,5,7,8,9) {60,73,25,68,43,58,25,66,55,52}
[..........] (0,1,2,3,5,6,7,8,9) (0,4,6,8,9) (1,3,4,5,7,8) (0,1,2,3,4,5,6,7,8,9) (0,2,5,6) (1,2,3,5,6,7,8,9) (0,2,3,4,5,6) (1) (0,2,5) (0,1,2,3,5,6,8,9) (2,3,6,7) (1,5) (1,3,4,5,7,9) {127,136,144,144,88,177,134,99,93,96}
[..........] (2,3,4,8) (0,1,2,4,6,7,8) (0,4) (0,1,2,3,4,5,6,7,8,9) (0,2,3,4,6,9) (0,1,2,3,4,5,6,8,9) (0,1,2,3,4,6,8) (0,1,2,3,4,5,7) (0,8) (1,3,7,8) (3) (1) (0,3,4,6,7,8,9) {106,69,82,107,104,36,67,51,88,54}
[..........] (0,1,3,4,6,8) (0,1,4,5,6,8,9) (0,1,2,3,4,5,6,7,8,9) (0,1,3,4,6,8,9) (1,4,5,7) (3,9) (0,1,3,4,5,6,7) (2,4,5,7) (3,6) (5,7) (2,3) (3,4,6,7,9) (1,5,9) {54,71,29,91,87,76,83,67,41,67}
[..........] (2,3,4,5,6,7,8,9) (0,2,3,5,6,7,8,9) (4,8,9) (0,1,2,3,4,5,8) (0,1,2,3,4,5,6,7,8,9) (3,5,9) (0,1,3,6,8,9) (3,7,9) (1,2,3,4,5,6,7,8,9) (0,9) (8) (0,1,2,3,4,5,7,8,9) (0,2,5,6) {83,58,78,93,70,86,67,64,94,110}
[..........] (0,1,2,3,4,5,6,7,8,9) (0,1,5,9) (0,1,2,4,9) (0,1,2,3,4,6,9) (0,2,3) (0,1,2,4,5,6,9) (0,2,3,4,5,6,9) (0,2,3,4,5,6,7,8,9) (7) (2,4,5,9) (2,3,6,7,8,9) (0,3,4,7,9) (6,8) {152,84,147,121,131,75,114,81,62,157}
[..........] (0,1,2,3,4,5,6,7,8,9) (0,1,2,3,4,7,9) (0,7,9) (0,1,2,3,4,5,6,7,8) (1,2,8) (0,1,2,3,8,9) (9) (3,8) (3,4,6,7,9) (2,3,4,5,6,7,9) (0,1,2,4,5,8,9) (0,1,2,3,4,5,7,8,9) (5) {58,60,62,53,46,41,18,44,58,69}
[..........] (1,2,3,4,5,6,7,8,9) (0,3,4,5,6) (0,1,2,3,4,5,7,8,9) (0,1,2,3,4,5,6,7,8,9) (0,1,3,6,7,8,9) (9) (5,6,7) (0,1,4,5,6,7) (0,1,2,3,4,5,6,7,9) (1) (0,3,5,6,8,9) (5) (0,3,4,5,7) {78,65,35,74,70,102,87,81,44,64}
[..........] (1,3,5,8) (0,3,4,6,9) (0,5,6) (8) (1,2,3,4,5) (0,5) (2,5) (3,4,6,9) (1,9) (1,2,3,4,5,6,7,8,9) (0,2,6,9) (1,2,4,5,7,8,9) (0,2,4,5,6,8,9) {77,81,85,72,85,131,83,26,71,93}
[..........] (0,1,2,3,4,5,6,7,8,9) (1,2,6) (0,1,2,3,7,8) (0,1,2,3,4,5,6,8,9) (0,1,2,4,5,6,7,8) (1,3,4,6,7,8,9) (6) (1,3) (1,3,4,5,7) (1,2,3,5,6) (0,2,3,5,6,7,8,9) (0,1,2,4,5,7,9) (0,1,2,3,4,6,8,9) {97,143,121,108,95,85,121,79,93,81}
[..........] (0,5) (6) (1,5,7) (0,1,6) (5,9) (0,1,2,4,8,9) (0,1,2,3,4,5,6,7,8,9) (3,4) (0,1,4,6,8) (0,1,2,3,5) (1) (0,1,3,4,5,6,8,9) (1,8) {83,118,31,48,65,85,53,30,68,56}
[..........] (0,1,2,3,4,5,6,7,8,9) (0,1,2,3,4,5,6,7,9) (0,1,3,4,5,6,7,8,9) (1,2,3,4,5,7,8) (0,1,2,3,4,5,6,9) (7) (4,7) (3,6,8,9) (0,1,2,4,5,6,7,9) (0,3,8,9) (0,1,2,3,5,7,8,9) (3,6) (4,5,9) {127,139,114,182,156,156,139,142,116,164}
[..........] (0,6,8,9) (0,1,4,9) (1,6,7,8) (1,2,8,9) (0,1,4,5,6,7,8,9) (0,1,2,3,4,6,7,9) (0,5,9) (0,1,2,3,5,6,8) (0,2,5,7,8) (0,4,5,6,9) (0,4,5,8,9) (0,1,2,3,4,7,8) (3) {135,100,90,63,72,83,74,77,122,97}
[..........] (1,6,8) (0,1,2,3,4,5,6,7,8,9) (0,1,2,3,4,5,7,8) (0,1,3,6,7,9) (5,6) (0,1,2,5,6,8,9) (1,7,8) (0,1,4,6,8,9) (0,1,2,3,4,5,7,8,9) (0,2,3,5,6,7,8) (0,1,2,3,7,9) (0,2,3,4,5,7,9) (0,2,7,9) {190,175,147,122,89,127,139,160,151,159}
[..........] (0,1,2,3,4,5,6,7,8) (1,5) (1,2,3,4,7) (3,4,7,9) (0,1,2,3,4,5,6,7,8,9) (1,2,3,4,6,8,9) (0,2,3,4,7,8,9) (0,3,4,5,6,7) (3,4) (0,1,5,7,8,9) (0,1,2,3,5,6,7,8,9) (0,1,2,4,5,7,8,9) (0,1,2,3,4,5,7,8,9) {111,112,101,120,130,104,57,134,108,107}
[..........] (0,2,8,9) (0,1,2,4,5,6,7,9) (1,2,3,4,5,7,9) (0,1,2,3,4,5,6,8,9) (7,9) (2,4,5,7,9) (0,4,5,7,9) (6) (0,1,2,4,5,7,8,9) (0,1,2,3,4,5,6,7,8,9) (0) (5,8) (0,1,2,3,4,5,6,7,9) {41,37,52,21,49,59,27,51,35,60}
[..........] (2,5,8,9) (2,4,6) (2,4) (4,6,7) (4) (8) (1) (2,6,7) (0,2,3,4,5,7,8,9) (0,1,2,3,4,5,7,8,9) (1,2,4,7,9) (0,1,3,5,6,8,9) (0,3,6,7,9) {46,45,89,46,92,47,60,80,64,70}
[..........] (4,7,8,9) (0,1,2,3,4,5,6,7,8,9) (0,3,7) (0,2,7) (4,6,7,8) (0,2,3,4,6,7,8,9) (1,3,7,9) (1,5,8) (0,1,2,3,6,7,8,9) (3,4,8) (1,5,6) (9) (3,4) {74,56,56,87,71,37,58,100,83,66}
[..........] (0,1,2,3,4,6,8,9) (0,1,2,3,4,5,6,7,8,9) (7) (3,4) (8) (3,8) (0,1,2,4,5) (0,1,3,5,6,7,8,9) (3,4,8,9) (2,7,9) (1,2,3,4,5,6,7,8) (0,1,4,6,7,8) (2,3,4,5,6,7,8) {56,69,77,94,90,63,68,86,100,61}
[..........] (0,1,2,3,4,5,6,7,8,9) (4,6) (0,1,9) (0,2,3,4,5,8,9) (0,1,2,3,4,6,7,8) (0,3,4,8) (0,6,7) (3,6) (0,1,2,3,5,6,8,9) (3,9) (0,2,4,5,6,7,8,9) (2,4,6,8,9) (0,1,3,4,6,7,9) {45,26,29,36,41,21,42,26,33,41}
[..........] (0,1,2,3,4,5,6,7,8,9) (0,1,2,3,4,5,6,8,9) (0,1,2,6,7,8) (1,2,4,6,9) (1,2,5,6,9) (0,4,7,8) (1,4,5,6,7,8,9) (0,1,2,4,7,8) (0,1,3,5,6,8,9) (0,3,5,6) (0,1,2,4,9) (2,6,8,9) (1,3,5,6,7,9) {37,49,46,21,30,27,49,24,36,43}
[..........] (4,7) (3,6,8) (1,2,3,4,5,6,7,8,9) (1,4,5) (0,6) (1) (0,4,7,8,9) (2,4,7,9) (0,7,8) (2) (0,1,2,3,4,5,7,8,9) (0,3,8,9) (2,3) {38,26,33,29,41,18,17,46,41,28}
[..........] (0,2,3,4,5,6,8,9) (0,1,4,5,6,9) (0,1,2,6,7,9) (0,2,4,8,9) (1,2,3,4,5,6,7,9) (0,1,3,7) (4,6) (1,2,3,5,6,9) (2,3,4,5,6,7,9) (1,4,5,9) (0,1,3,4,6,7,8) (0,1,2,3,4,9) (8) {100,112,97,103,122,70,116,84,55,115}
[..........] (1,2,3,4,6,7,8,9) (1,4,6) (1,2,4,6,7,8) (1,3,6,7,8,9) (6,7) (0,1,2,3,4,5,6,9) (0,1,2,3,4,5,7,8,9) (0,1,2,4,5,7,8,9) (1,3,4,7,8,9) (0,2,3,4,5,6,7,9) (0,2,3,6,7,9) (1,2,3,4,5,6,7,8,9) (2,6,7) {59,82,99,78,90,57,100,110,63,87}
[..........] (0,1,2,3,4,5,6,7,8) (0,1,2,3,4,5,6,7,8,9) (1,2,5,6,7,8,9) (3) (1,2,3,4,5,6,7,8,9) (2) (0,1,2,3,4,5,6,7,9) (0,1,3,4,5,6,7,9) (1,2,4,5,9) (0,2,3,4,5,6,7,8,9) (0,2,5,6,8,9) (0,1,2,3,4,6,7,8,9) (1,2,3,4,5,7,8,9) {87,106,127,105,105,119,115,108,99,119}
[..........] (0,1,2,3,4,5,6,7,8,9) (2,3,4,8) (0,3,4,5,9) (6) (0,1,2,6,8) (1,2,3,4,5,6,7,8,9) (3,7) (3) (0,1,2,3,4,6,8,9) (0,2) (0,1,2,3,5,6,8,9) (1,8) (1,3,4,5,9) {87,94,98,110,74,63,98,38,92,75}
[..........] (1,2,8) (0,3,4,5,7,8,9) (0,4,5,7,9) (0,1,2,3,4,5,6,7,8,9) (2,3,4,6,8,9) (5,7,9) (0,2,3,5,6,9) (2,3) (0,2,4,5,8) (1,2,4,7,9) (2,5,7,9) (0,1,2,4,5,7,8) (0,1,2,3,6,9) {94,70,127,76,98,106,53,97,84,118}
[..........] (1,3) (0,1,3,4,5,6,7,8) (0,2,4,6,7,8,9) (4,5,7) (0,1,2,3,4,5,6,7,8,9) (2,3,7,9) (3) (0,2,3,4,5) (0,2,3,4,5,6,7,8,9) (0,2,3,4,5,6,7,8) (9) (2,3,5,6,7) (2,9) {37,19,51,54,41,39,37,49,32,45}
[..........] (1,2,3,4,5,7,8,9) (0,1,3,4,5,6,7,8,9) (0,1,2,3,4,5,7,8,9) (1,2,3,4,5,6,7,8,9) (4,7,8) (2,9) (0,1,2,4,5,6,7,9) (1,2,5,9) (0,2,3,5,6,7,8,9) (0,2,5) (0,1,2,3,9) (2) (0,1,2,3,4,5,6,8,9) {79,92,126,85,85,101,55,76,88,117}
[..........] (3,9) (0,1,2,3,4,6) (0,4,5,6,7) (1,2,3,5,8) (1,4,6) (1,2,3,4,5,6,7,8,9) (2,3,4,5,7) (3,7) (3,6,7,8) (0,1,2,3,4,5,7,8,9) (0,1,2,5,7,8) (2,3,5) (1,2,4,5,7,8,9) {76,125,151,171,121,144,84,142,104,70}
[..........] (0,1,2,3,4,6,8,9) (6) (0,1,2,4,9) (0,1,2,3,4,5,6,7,8) (0) (0,4,5,8) (3) (0,1,3,4,5,6,7,8,9) (0,4,8) (0,1,2,3) (2,3,4,5,9) (2,4,9) (0,3,4,9) {158,76,87,114,156,65,65,31,89,98}
[..........] (4,5) (0,1,2,3,4,6) (0,1,2,3,4,5,6,7,8,9) (1,2,3,5,6,8) (0,5) (0,2,7,9) (0,1,3,4,8,9) (1,3,9) (0,1,2,3,5,7,9) (9) (0,1,2,3,4,5,7,8,9) (1,4,8,9) (0,3,4,5,7,8) {48,52,38,53,38,44,15,33,44,57}
[..........] (2) (2,3,4,6,7,8) (1,3,6) (4,7) (1,2,3,5,9) (0,1,2,3,4,5,6,7,8,9) (1,2,3,5,6,7,9) (0,1,2,3,4,8) (2,4,5,6,7,8,9) (0,2) (0,1,5,6,7,8,9) (3,5,6,7,8,9) (1,2,3,4,6,7,9) {38,75,97,88,68,70,94,96,69,82}
[..........] (0,2,5,7,8) (0,2,3,4,5,6,9) (0,2,3,6,7,8) (5,6,7) (1,3,9) (0,2,4) (4,6) (0,2,3,4,5,6,7,8,9) (0,1,2,3,4,5,6,7,8,9) (0,1,2,4,6,8) (0,2,4,6) (0,3,6,8) (3,5) {140,44,127,110,111,100,136,72,86,63}
[..........] (3,6) (0,1,2,3,4,5,6,7,8) (0,1,2,3,4,5,6,7,8,9) (0,2,3,4,5) (2,5,6,7,9) (2,8) (4) (0,3,4,7,8,9) (5,6) (0,1,3,5,6,7) (0,1,2,3,4,6,7,8,9) (0,1,2,3,4,5,6,7,9) (0,2,3,4,6,8) {64,45,66,73,60,65,81,63,50,43}
[..........] (0,2,3,4,5,6) (0,4,5,6) (2,4) (0,1,2,3,4,5,7,8,9) (0,1,2,3,4,5,6,7,8,9) (4,5,6) (1,2,3,4,7) (2,4,5,6,7,8) (0,3,4,5,6,7,9) (1,3,5,7,8) (0,1,5) (1,3,4,7,9) (4) {30,40,35,46,69,49,32,47,25,25}
[..........] (0,1,2,3,5,6,7,8) (1,2,3,5,7,8) (1,2,3,4,5,6,7,8,9) (2,3,4,5,6,7,8,9) (0,1,3,7) (0,1,2,5,7) (0,1,2,3,4,5,6,7,8,9) (4,8,9) (0,1,2,3,4,6,7,8,9) (0,1,2,3,5,6,7,8,9) (0,7) (1,3,7,8,9) (7) {109,142,118,133,75,101,81,193,131,106}
[..........] (1,2,3,4,7,8) (0,1,2,3,4,5,6,7,8,9) (1,2,5,6,7,8) (0,7,8) (0,1,2,3,6,7,8,9) (0,1,6,7) (8) (0,1,2,3,4,5,7,9) (1,2,3,4,5,7,8,9) (1,2,3,4,5,8,9) (0,1,2,3,4,6,7,8,9) (0,1,2,3,5,6,7,8) (1,2,4,6) {47,67,61,51,41,36,45,63,66,41}
[..........] (0) (0,1,3,4,5,6,7,8,9) (0,2,3,4,7,8) (4,5) (1,2,8) (0,1,2,4,5,6,7,8,9) (1,2,4,7,9) (2,3,5,6,7,8,9) (0,1,6,9) (0,1,2,4,5,6,7) (1,2,3,4,5,7,8,9) (0,1,2,3,4,5,6,7,8,9) (0,1,3,7,8) {34,33,33,28,33,26,24,37,33,30}
[..........] (1,4,5,8,9) (4,6,8,9) (0,4,7) (0,1,2,6,7,8) (0,1,2,3,4,5,7,9) (1,2,4,7,9) (0,1,2,5,6,7) (4,7) (0,1,2,5,6,7,8,9) (1,2,5,8) (1,3,7,9) (0,1,3,4,5,6,7,8) (0,1,2,3,4,5,7,8) {87,120,89,43,91,88,64,124,79,73}
[..........] (4) (0,1,2,3,4,5,6,7,8,9) (0,2,5,6,7,8,9) (1,3,5,7) (8,9) (0) (9) (0,3,5,6,9) (1,2,6,7,8,9) (1,3,4,5,8) (0,8) (2,3,6,7,8) (0,2,7,9) {104,94,84,110,65,107,87,111,126,110}
[..........] (0,3,4,8) (7) (0,1,2,3,4,5,6,8) (1,2,3,4,5,6,7,8,9) (3,4,5,7,9) (1,2,3,5,6) (0,1,3,6,7,9) (0,1,2,3,4,5,6,7,8,9) (2,4) (0,1,2,3,4,6,7,9) (0,1,2,3,5,6,7,8,9) (2,4,6,7,8) (1,3,4,5) {88,125,128,157,146,122,126,135,101,98}
[..........] (0,3,6,8) (0,2,3,5,7) (1,3,4,5,7,8) (0,1,2,3,4,5,6,7,8,9) (0,1,4,5,6,7,9) (1,5,8) (0,6) (0,2,3,5,7,8,9) (4) (0,2,3,4,5,6,7) (8) (0,1,2,3,4,5,6,9) (4,6,7,9) {127,85,80,116,112,122,117,108,99,80}
[..........] (1,6,9) (0,1,2,3,4,6,7) (2,5,6,9) (0,1,4,5,6,7,8,9) (1,2,3,4,5,6,7,8,9) (0,1,2,3,4,5,6,7,8,9) (2,3,6,7,8) (1,2,3,4,6,8,9) (1,5,8) (1) (0,1,2,4,5,7,8,9) (6) (2,4,5,7,8,9) {65,146,123,83,115,105,150,111,119,125}
[..........] (1,3,4,5,6) (0,1,2,3,4,5,6,7,8) (0,2,4,7,8) (0,3,4,5,6,7) (7,8) (6) (2,5,7,8,9) (0,1,2,4,7,9) (3,5,9) (0,3,9) (0,1,2,4,6,7,8,9) (0,1,2,3,4,5,6,7,8,9) (1,2,6,7) {124,82,114,98,119,100,111,151,113,88}
[..........] (2,3,4,5,8,9) (0,1,2,3,4,5,6,7,8,9) (0,1,3,4,5,6,7,8) (0,2,4,5,6,7) (4) (7,8) (1,5,8) (1,8) (0,1,2,3,4,6,7,9) (0,1,2,3,5,7,9) (0,1,4,6,7) (0,2,3,4,5,6,7,8,9) (1,3,4,6,7) {34,44,31,35,47,46,36,44,45,24}
[..........] (1,2,4,6,8) (0,1,2,6,7) (2,5,7,9) (0,1,3,5,6) (1,2,3,5,6,8,9) (1,4) (1,3,4,5,9) (0,1,3,4,6,7,8,9) (2,5) (0,5,6) (1) (1,3,5,9) (0,1,2,3,4,5,6,7,8,9) {58,125,91,78,56,104,89,56,57,81}
[..........] (0,2,4,5,6,7,9) (0,2,7,9) (0,1,2,3,4,5,6,7,8,9) (0,1,3,4,5,6,7,8,9) (4,7) (0,1,2,3,5,6,8,9) (1,3,6,7) (0,1,3,5,6,7,8) (0,3,4,5,9) (0,1,2,3,4,6,7,8,9) (3,7) (1,3,4) (0,1,3,5,6,8,9) {165,131,84,171,119,139,140,157,101,147}
[..........] (0,1,2,5,6,7,8,9) (3) (2,5,6,9) (5,8) (0,1,2,3,4,5,6,8,9) (0,1,3,5,6,7,8,9) (0,1,2,5,7) (1,2,7,8) (0,1,2,3,4,5,6,7,8,9) (0,2,3,4,5,6,7) (3,5,6,9) (2,4) (1,5,7) {89,113,123,99,59,158,115,111,100,101}
[..........] (1,2,3,4,9) (2,5,6,9) (0,1,4,5) (0,1,3,8,9) (7) (1,4,5,7) (0,3,4,5,6,7,8,9) (0,1,2,3,4,5,6,7,8,9) (3,5) (1,7) (3) (1,4,8) (0,5,7) {100,128,44,124,109,130,57,125,87,98}
[..........] (0,1,2,3,4,5,6,7,8,9) (8) (4,5) (0,1,3,4,5,6,8,9) (4,8) (0,5,7) (0,1,3,4,5,6,9) (1,2,3,4,6,7,8,9) (0,1,2,4,5,6,7,8,9) (1,2,4,6) (0,1,2,6,7) (0,3,4,5,6,8,9) (1,4,6,8,9) {78,91,55,56,109,77,99,57,89,77}
[..........] (6,8) (0,1,3,4,8) (0,3,5) (2,3,8) (0,1,2,3,4,5,6,8,9) (2,4,5,6,7,8) (6) (0,1,2,3,4,5,6,7,8,9) (1,2,3,5,6,7,9) (1,6,9) (0,5) (2,6,8,9) (0,1,2,5,6,7,8) {111,111,144,112,74,135,178,81,162,100}
[..........] (1,4) (2,5,8,9) (0,1,2,5,6,8,9) (0,1,2,3,4,5,6,7,8,9) (0,7) (2,3,4,5,7) (0,1,2,3,7,9) (0,1,2,3,4,6,7,8,9) (0,2,3,4,5,6,7,8,9) (0,1,3,4,5,6,7,8,9) (3,5) (0,2,3,4,5,8,9) (0,9) {86,58,83,70,70,64,41,64,63,83}
[..........] (0,1,2,3,4,5,6,7,8,9) (4,5,6,7,8) (0,3,7,8,9) (0) (1,2,3,5,6,7) (1,3,4,5,7,9) (2,3,4,5,6,8,9) (0,3,5,9) (0,1,2,3,4,6,7,9) (2,8,9) (0,1,3,4,6,7,8,9) (3) (0,1,3,4,5,6) {84,68,49,112,78,70,79,83,74,92}
[..........] (0,2,4,5,9) (0,2,3,5,6,7,8) (2,3,4,5,6,7,8) (0) (7) (0,1,2,3,4,5,6,7,8,9) (6,8) (0,1,2,4,6,9) (0,2,3,4,5,6,7,8,9) (1,2,3,5,8) (1,8) (1,2,3,4,6,7,9) (1,4,7,9) {113,96,143,100,126,114,117,110,122,110}
[..........] (0,1,3,4) (0,1,2,3,4,5,6,7,8,9) (0,1,2,3,4,5,7,8) (2,3,6,7,8,9) (9) (0,1,2,3,4,5,6,7,8) (1,2,4,6,8) (1,2,3,5,6,7,8) (2,4,8) (0,1,2,3,6,9) (5) (1,2,3,5,6,7,8,9) (7) {45,63,66,59,56,42,47,43,58,35}
[..........] (0,4,5,7,8) (0,1,2,3,4,5,6,7,8,9) (1,2,4,5,7,9) (0,1,2,3,6,7) (3,4) (0,2,3,4,6,7,9) (0,1,2,3,4,5,6,9) (0,1) (5,6,7,8,9) (0,2,3,4,5,7,9) (7) (0,1,3,4,5,7,9) (0,1,4,6,7,8,9) {165,125,104,121,163,127,97,195,78,135}
